0.1 117.188
0.11 15.625
0.12 16.4062
0.13 16.4062
0.14 16.4062
0.15 15.625
0.16 16.4062
0.17 16.4062
0.18 16.4062
0.19 16.4062
0.2 15.625
0.21 16.4062
0.22 16.4062
0.23 16.4062
0.24 16.4062
0.25 15.625
0.26 16.4062
0.27 16.4062
0.28 16.4062
0.29 15.625
0.3 16.4062
0.31 16.4062
0.32 16.4062
0.33 16.4062
0.34 15.625
0.35 16.4062
0.36 16.4062
0.37 16.4062
0.38 16.4062
0.39 15.625
0.4 16.4062
0.41 16.4062
0.42 16.4062
0.43 15.625
0.44 16.4062
0.45 16.4062
0.46 16.4062
0.47 16.4062
0.48 15.625
0.49 16.4062
0.5 16.4062
0.51 16.4062
0.52 16.4062
0.53 15.625
0.54 16.4062
0.55 16.4062
0.56 16.4062
0.57 15.625
0.58 16.4062
0.59 16.4062
0.6 16.4062
0.61 16.4062
0.62 15.625
0.63 16.4062
0.64 16.4062
0.65 16.4062
0.66 16.4062
0.67 15.625
0.68 16.4062
0.69 16.4062
0.7 16.4062
0.71 15.625
0.72 16.4062
0.73 16.4062
0.74 16.4062
0.75 16.4062
0.76 15.625
0.77 16.4062
0.78 16.4062
0.79 16.4062
0.8 16.4062
0.81 15.625
0.82 16.4062
0.83 16.4062
