% time	cellId	Interference
0.512929	1	1.35324e-20 1.35324e-20 1.35324e-20 1.35324e-20 1.35324e-20 1.35324e-20 1.35324e-20 1.35324e-20 1.35324e-20 1.35324e-20 1.35324e-20 1.35324e-20 1.35324e-20 1.35324e-20 1.35324e-20 1.35324e-20 1.35324e-20 1.35324e-20 1.35324e-20 1.35324e-20 1.35324e-20 1.35324e-20 1.35324e-20 1.35324e-20 1.35324e-20 
0.512929	2	1.35324e-20 1.35324e-20 1.35324e-20 1.35324e-20 1.35324e-20 1.35324e-20 1.35324e-20 1.35324e-20 1.35324e-20 1.35324e-20 1.35324e-20 1.35324e-20 1.35324e-20 1.35324e-20 1.35324e-20 1.35324e-20 1.35324e-20 1.35324e-20 1.35324e-20 1.35324e-20 1.35324e-20 1.35324e-20 1.35324e-20 1.35324e-20 1.35324e-20 
0.611929	1	1.35324e-20 1.35324e-20 1.35324e-20 1.35324e-20 1.35324e-20 1.35324e-20 1.35324e-20 1.35324e-20 1.35324e-20 1.35324e-20 1.35324e-20 1.35324e-20 1.35324e-20 1.35324e-20 1.35324e-20 1.35324e-20 1.35324e-20 1.35324e-20 1.35324e-20 1.35324e-20 1.35324e-20 1.35324e-20 1.35324e-20 1.35324e-20 1.35324e-20 
0.611929	2	1.35324e-20 1.35324e-20 1.35324e-20 1.35324e-20 1.35324e-20 1.35324e-20 1.35324e-20 1.35324e-20 1.35324e-20 1.35324e-20 1.35324e-20 1.35324e-20 1.35324e-20 1.35324e-20 1.35324e-20 1.35324e-20 1.35324e-20 1.35324e-20 1.35324e-20 1.35324e-20 1.35324e-20 1.35324e-20 1.35324e-20 1.35324e-20 1.35324e-20 
0.711929	1	1.35324e-20 1.35324e-20 1.35324e-20 1.35324e-20 1.35324e-20 1.35324e-20 1.35324e-20 1.35324e-20 1.35324e-20 1.35324e-20 1.35324e-20 1.35324e-20 1.35324e-20 1.35324e-20 1.35324e-20 1.35324e-20 1.35324e-20 1.35324e-20 1.35324e-20 1.35324e-20 1.35324e-20 1.35324e-20 1.35324e-20 1.35324e-20 1.35324e-20 
0.711929	2	1.35324e-20 1.35324e-20 1.35324e-20 1.35324e-20 1.35324e-20 1.35324e-20 1.35324e-20 1.35324e-20 1.35324e-20 1.35324e-20 1.35324e-20 1.35324e-20 1.35324e-20 1.35324e-20 1.35324e-20 1.35324e-20 1.35324e-20 1.35324e-20 1.35324e-20 1.35324e-20 1.35324e-20 1.35324e-20 1.35324e-20 1.35324e-20 1.35324e-20 
0.811929	1	1.35324e-20 1.35324e-20 1.35324e-20 1.35324e-20 1.35324e-20 1.35324e-20 1.35324e-20 1.35324e-20 1.35324e-20 1.35324e-20 1.35324e-20 1.35324e-20 1.35324e-20 1.35324e-20 1.35324e-20 1.35324e-20 1.35324e-20 1.35324e-20 1.35324e-20 1.35324e-20 1.35324e-20 1.35324e-20 1.35324e-20 1.35324e-20 1.35324e-20 
0.811929	2	1.35324e-20 1.35324e-20 1.35324e-20 1.35324e-20 1.35324e-20 1.35324e-20 1.35324e-20 1.35324e-20 1.35324e-20 1.35324e-20 1.35324e-20 1.35324e-20 1.35324e-20 1.35324e-20 1.35324e-20 1.35324e-20 1.35324e-20 1.35324e-20 1.35324e-20 1.35324e-20 1.35324e-20 1.35324e-20 1.35324e-20 1.35324e-20 1.35324e-20 
0.911929	1	1.35324e-20 1.35324e-20 1.35324e-20 1.35324e-20 1.35324e-20 1.35324e-20 1.35324e-20 1.35324e-20 1.35324e-20 1.35324e-20 1.35324e-20 1.35324e-20 1.35324e-20 1.35324e-20 1.35324e-20 1.35324e-20 1.35324e-20 1.35324e-20 1.35324e-20 1.35324e-20 1.35324e-20 1.35324e-20 1.35324e-20 1.35324e-20 1.35324e-20 
0.911929	2	1.35324e-20 1.35324e-20 1.35324e-20 1.35324e-20 1.35324e-20 1.35324e-20 1.35324e-20 1.35324e-20 1.35324e-20 1.35324e-20 1.35324e-20 1.35324e-20 1.35324e-20 1.35324e-20 1.35324e-20 1.35324e-20 1.35324e-20 1.35324e-20 1.35324e-20 1.35324e-20 1.35324e-20 1.35324e-20 1.35324e-20 1.35324e-20 1.35324e-20 
1.01193	1	1.35324e-20 1.35324e-20 1.35324e-20 1.35324e-20 1.35324e-20 1.35324e-20 1.35324e-20 1.35324e-20 1.35324e-20 1.35324e-20 1.35324e-20 1.35324e-20 1.35324e-20 1.35324e-20 1.35324e-20 1.35324e-20 1.35324e-20 1.35324e-20 1.35324e-20 1.35324e-20 1.35324e-20 1.35324e-20 1.35324e-20 1.35324e-20 1.35324e-20 
1.01193	2	1.35324e-20 1.35324e-20 1.35324e-20 1.35324e-20 1.35324e-20 1.35324e-20 1.35324e-20 1.35324e-20 1.35324e-20 1.35324e-20 1.35324e-20 1.35324e-20 1.35324e-20 1.35324e-20 1.35324e-20 1.35324e-20 1.35324e-20 1.35324e-20 1.35324e-20 1.35324e-20 1.35324e-20 1.35324e-20 1.35324e-20 1.35324e-20 1.35324e-20 
1.11193	1	1.35324e-20 1.35324e-20 1.35324e-20 1.35324e-20 1.35324e-20 1.35324e-20 1.35324e-20 1.35324e-20 1.35324e-20 1.35324e-20 1.35324e-20 1.35324e-20 1.35324e-20 1.35324e-20 1.35324e-20 1.35324e-20 1.35324e-20 1.35324e-20 1.35324e-20 1.35324e-20 1.35324e-20 1.35324e-20 1.35324e-20 1.35324e-20 1.35324e-20 
1.11193	2	1.35324e-20 1.35324e-20 1.35324e-20 1.35324e-20 1.35324e-20 1.35324e-20 1.35324e-20 1.35324e-20 1.35324e-20 1.35324e-20 1.35324e-20 1.35324e-20 1.35324e-20 1.35324e-20 1.35324e-20 1.35324e-20 1.35324e-20 1.35324e-20 1.35324e-20 1.35324e-20 1.35324e-20 1.35324e-20 1.35324e-20 1.35324e-20 1.35324e-20 
1.21193	1	1.35324e-20 1.35324e-20 1.35324e-20 1.35324e-20 1.35324e-20 1.35324e-20 1.35324e-20 1.35324e-20 1.35324e-20 1.35324e-20 1.35324e-20 1.35324e-20 1.35324e-20 1.35324e-20 1.35324e-20 1.35324e-20 1.35324e-20 1.35324e-20 1.35324e-20 1.35324e-20 1.35324e-20 1.35324e-20 1.35324e-20 1.35324e-20 1.35324e-20 
1.21193	2	1.35324e-20 1.35324e-20 1.35324e-20 1.35324e-20 1.35324e-20 1.35324e-20 1.35324e-20 1.35324e-20 1.35324e-20 1.35324e-20 1.35324e-20 1.35324e-20 1.35324e-20 1.35324e-20 1.35324e-20 1.35324e-20 1.35324e-20 1.35324e-20 1.35324e-20 1.35324e-20 1.35324e-20 1.35324e-20 1.35324e-20 1.35324e-20 1.35324e-20 
1.31193	1	1.35324e-20 1.35324e-20 1.35324e-20 1.35324e-20 1.35324e-20 1.35324e-20 1.35324e-20 1.35324e-20 1.35324e-20 1.35324e-20 1.35324e-20 1.35324e-20 1.35324e-20 1.35324e-20 1.35324e-20 1.35324e-20 1.35324e-20 1.35324e-20 1.35324e-20 1.35324e-20 1.35324e-20 1.35324e-20 1.35324e-20 1.35324e-20 1.35324e-20 
1.31193	2	1.35324e-20 1.35324e-20 1.35324e-20 1.35324e-20 1.35324e-20 1.35324e-20 1.35324e-20 1.35324e-20 1.35324e-20 1.35324e-20 1.35324e-20 1.35324e-20 1.35324e-20 1.35324e-20 1.35324e-20 1.35324e-20 1.35324e-20 1.35324e-20 1.35324e-20 1.35324e-20 1.35324e-20 1.35324e-20 1.35324e-20 1.35324e-20 1.35324e-20 
1.41193	1	1.35324e-20 1.35324e-20 1.35324e-20 1.35324e-20 1.35324e-20 1.35324e-20 1.35324e-20 1.35324e-20 1.35324e-20 1.35324e-20 1.35324e-20 1.35324e-20 1.35324e-20 1.35324e-20 1.35324e-20 1.35324e-20 1.35324e-20 1.35324e-20 1.35324e-20 1.35324e-20 1.35324e-20 1.35324e-20 1.35324e-20 1.35324e-20 1.35324e-20 
1.41193	2	1.35324e-20 1.35324e-20 1.35324e-20 1.35324e-20 1.35324e-20 1.35324e-20 1.35324e-20 1.35324e-20 1.35324e-20 1.35324e-20 1.35324e-20 1.35324e-20 1.35324e-20 1.35324e-20 1.35324e-20 1.35324e-20 1.35324e-20 1.35324e-20 1.35324e-20 1.35324e-20 1.35324e-20 1.35324e-20 1.35324e-20 1.35324e-20 1.35324e-20 
1.51193	1	1.35324e-20 1.35324e-20 1.35324e-20 1.35324e-20 1.35324e-20 1.35324e-20 1.35324e-20 1.35324e-20 1.35324e-20 1.35324e-20 1.35324e-20 1.35324e-20 1.35324e-20 1.35324e-20 1.35324e-20 1.35324e-20 1.35324e-20 1.35324e-20 1.35324e-20 1.35324e-20 1.35324e-20 1.35324e-20 1.35324e-20 1.35324e-20 1.35324e-20 
1.51193	2	1.35324e-20 1.35324e-20 1.35324e-20 1.35324e-20 1.35324e-20 1.35324e-20 1.35324e-20 1.35324e-20 1.35324e-20 1.35324e-20 1.35324e-20 1.35324e-20 1.35324e-20 1.35324e-20 1.35324e-20 1.35324e-20 1.35324e-20 1.35324e-20 1.35324e-20 1.35324e-20 1.35324e-20 1.35324e-20 1.35324e-20 1.35324e-20 1.35324e-20 
1.61193	1	1.35324e-20 1.35324e-20 1.35324e-20 1.35324e-20 1.35324e-20 1.35324e-20 1.35324e-20 1.35324e-20 1.35324e-20 1.35324e-20 1.35324e-20 1.35324e-20 1.35324e-20 1.35324e-20 1.35324e-20 1.35324e-20 1.35324e-20 1.35324e-20 1.35324e-20 1.35324e-20 1.35324e-20 1.35324e-20 1.35324e-20 1.35324e-20 1.35324e-20 
1.61193	2	1.35324e-20 1.35324e-20 1.35324e-20 1.35324e-20 1.35324e-20 1.35324e-20 1.35324e-20 1.35324e-20 1.35324e-20 1.35324e-20 1.35324e-20 1.35324e-20 1.35324e-20 1.35324e-20 1.35324e-20 1.35324e-20 1.35324e-20 1.35324e-20 1.35324e-20 1.35324e-20 1.35324e-20 1.35324e-20 1.35324e-20 1.35324e-20 1.35324e-20 
1.71193	1	1.35324e-20 1.35324e-20 1.35324e-20 1.35324e-20 1.35324e-20 1.35324e-20 1.35324e-20 1.35324e-20 1.35324e-20 1.35324e-20 1.35324e-20 1.35324e-20 1.35324e-20 1.35324e-20 1.35324e-20 1.35324e-20 1.35324e-20 1.35324e-20 1.35324e-20 1.35324e-20 1.35324e-20 1.35324e-20 1.35324e-20 1.35324e-20 1.35324e-20 
1.71193	2	1.35324e-20 1.35324e-20 1.35324e-20 1.35324e-20 1.35324e-20 1.35324e-20 1.35324e-20 1.35324e-20 1.35324e-20 1.35324e-20 1.35324e-20 1.35324e-20 1.35324e-20 1.35324e-20 1.35324e-20 1.35324e-20 1.35324e-20 1.35324e-20 1.35324e-20 1.35324e-20 1.35324e-20 1.35324e-20 1.35324e-20 1.35324e-20 1.35324e-20 
1.81193	1	1.35324e-20 1.35324e-20 1.35324e-20 1.35324e-20 1.35324e-20 1.35324e-20 1.35324e-20 1.35324e-20 1.35324e-20 1.35324e-20 1.35324e-20 1.35324e-20 1.35324e-20 1.35324e-20 1.35324e-20 1.35324e-20 1.35324e-20 1.35324e-20 1.35324e-20 1.35324e-20 1.35324e-20 1.35324e-20 1.35324e-20 1.35324e-20 1.35324e-20 
1.81193	2	1.35324e-20 1.35324e-20 1.35324e-20 1.35324e-20 1.35324e-20 1.35324e-20 1.35324e-20 1.35324e-20 1.35324e-20 1.35324e-20 1.35324e-20 1.35324e-20 1.35324e-20 1.35324e-20 1.35324e-20 1.35324e-20 1.35324e-20 1.35324e-20 1.35324e-20 1.35324e-20 1.35324e-20 1.35324e-20 1.35324e-20 1.35324e-20 1.35324e-20 
1.91193	1	1.35324e-20 1.35324e-20 1.35324e-20 1.35324e-20 1.35324e-20 1.35324e-20 1.35324e-20 1.35324e-20 1.35324e-20 1.35324e-20 1.35324e-20 1.35324e-20 1.35324e-20 1.35324e-20 1.35324e-20 1.35324e-20 1.35324e-20 1.35324e-20 1.35324e-20 1.35324e-20 1.35324e-20 1.35324e-20 1.35324e-20 1.35324e-20 1.35324e-20 
1.91193	2	1.35324e-20 1.35324e-20 1.35324e-20 1.35324e-20 1.35324e-20 1.35324e-20 1.35324e-20 1.35324e-20 1.35324e-20 1.35324e-20 1.35324e-20 1.35324e-20 1.35324e-20 1.35324e-20 1.35324e-20 1.35324e-20 1.35324e-20 1.35324e-20 1.35324e-20 1.35324e-20 1.35324e-20 1.35324e-20 1.35324e-20 1.35324e-20 1.35324e-20 
2.01193	1	1.35324e-20 1.35324e-20 1.35324e-20 1.35324e-20 1.35324e-20 1.35324e-20 1.35324e-20 1.35324e-20 1.35324e-20 1.35324e-20 1.35324e-20 1.35324e-20 1.35324e-20 1.35324e-20 1.35324e-20 1.35324e-20 1.35324e-20 1.35324e-20 1.35324e-20 1.35324e-20 1.35324e-20 1.35324e-20 1.35324e-20 1.35324e-20 1.35324e-20 
2.01193	2	1.35324e-20 1.35324e-20 1.35324e-20 1.35324e-20 1.35324e-20 1.35324e-20 1.35324e-20 1.35324e-20 1.35324e-20 1.35324e-20 1.35324e-20 1.35324e-20 1.35324e-20 1.35324e-20 1.35324e-20 1.35324e-20 1.35324e-20 1.35324e-20 1.35324e-20 1.35324e-20 1.35324e-20 1.35324e-20 1.35324e-20 1.35324e-20 1.35324e-20 
2.11193	1	1.35324e-20 1.35324e-20 1.35324e-20 1.35324e-20 1.35324e-20 1.35324e-20 1.35324e-20 1.35324e-20 1.35324e-20 1.35324e-20 1.35324e-20 1.35324e-20 1.35324e-20 1.35324e-20 1.35324e-20 1.35324e-20 1.35324e-20 1.35324e-20 1.35324e-20 1.35324e-20 1.35324e-20 1.35324e-20 1.35324e-20 1.35324e-20 1.35324e-20 
2.11193	2	1.35324e-20 1.35324e-20 1.35324e-20 1.35324e-20 1.35324e-20 1.35324e-20 1.35324e-20 1.35324e-20 1.35324e-20 1.35324e-20 1.35324e-20 1.35324e-20 1.35324e-20 1.35324e-20 1.35324e-20 1.35324e-20 1.35324e-20 1.35324e-20 1.35324e-20 1.35324e-20 1.35324e-20 1.35324e-20 1.35324e-20 1.35324e-20 1.35324e-20 
2.21193	1	1.35324e-20 1.35324e-20 1.35324e-20 1.35324e-20 1.35324e-20 1.35324e-20 1.35324e-20 1.35324e-20 1.35324e-20 1.35324e-20 1.35324e-20 1.35324e-20 1.35324e-20 1.35324e-20 1.35324e-20 1.35324e-20 1.35324e-20 1.35324e-20 1.35324e-20 1.35324e-20 1.35324e-20 1.35324e-20 1.35324e-20 1.35324e-20 1.35324e-20 
2.21193	2	1.35324e-20 1.35324e-20 1.35324e-20 1.35324e-20 1.35324e-20 1.35324e-20 1.35324e-20 1.35324e-20 1.35324e-20 1.35324e-20 1.35324e-20 1.35324e-20 1.35324e-20 1.35324e-20 1.35324e-20 1.35324e-20 1.35324e-20 1.35324e-20 1.35324e-20 1.35324e-20 1.35324e-20 1.35324e-20 1.35324e-20 1.35324e-20 1.35324e-20 
2.31193	1	1.35324e-20 1.35324e-20 1.35324e-20 1.35324e-20 1.35324e-20 1.35324e-20 1.35324e-20 1.35324e-20 1.35324e-20 1.35324e-20 1.35324e-20 1.35324e-20 1.35324e-20 1.35324e-20 1.35324e-20 1.35324e-20 1.35324e-20 1.35324e-20 1.35324e-20 1.35324e-20 1.35324e-20 1.35324e-20 1.35324e-20 1.35324e-20 1.35324e-20 
2.31193	2	1.35324e-20 1.35324e-20 1.35324e-20 1.35324e-20 1.35324e-20 1.35324e-20 1.35324e-20 1.35324e-20 1.35324e-20 1.35324e-20 1.35324e-20 1.35324e-20 1.35324e-20 1.35324e-20 1.35324e-20 1.35324e-20 1.35324e-20 1.35324e-20 1.35324e-20 1.35324e-20 1.35324e-20 1.35324e-20 1.35324e-20 1.35324e-20 1.35324e-20 
2.41193	1	1.35324e-20 1.35324e-20 1.35324e-20 1.35324e-20 1.35324e-20 1.35324e-20 1.35324e-20 1.35324e-20 1.35324e-20 1.35324e-20 1.35324e-20 1.35324e-20 1.35324e-20 1.35324e-20 1.35324e-20 1.35324e-20 1.35324e-20 1.35324e-20 1.35324e-20 1.35324e-20 1.35324e-20 1.35324e-20 1.35324e-20 1.35324e-20 1.35324e-20 
2.41193	2	1.35324e-20 1.35324e-20 1.35324e-20 1.35324e-20 1.35324e-20 1.35324e-20 1.35324e-20 1.35324e-20 1.35324e-20 1.35324e-20 1.35324e-20 1.35324e-20 1.35324e-20 1.35324e-20 1.35324e-20 1.35324e-20 1.35324e-20 1.35324e-20 1.35324e-20 1.35324e-20 1.35324e-20 1.35324e-20 1.35324e-20 1.35324e-20 1.35324e-20 
2.51193	1	1.35324e-20 1.35324e-20 1.35324e-20 1.35324e-20 1.35324e-20 1.35324e-20 1.35324e-20 1.35324e-20 1.35324e-20 1.35324e-20 1.35324e-20 1.35324e-20 1.35324e-20 1.35324e-20 1.35324e-20 1.35324e-20 1.35324e-20 1.35324e-20 1.35324e-20 1.35324e-20 1.35324e-20 1.35324e-20 1.35324e-20 1.35324e-20 1.35324e-20 
2.51193	2	1.35324e-20 1.35324e-20 1.35324e-20 1.35324e-20 1.35324e-20 1.35324e-20 1.35324e-20 1.35324e-20 1.35324e-20 1.35324e-20 1.35324e-20 1.35324e-20 1.35324e-20 1.35324e-20 1.35324e-20 1.35324e-20 1.35324e-20 1.35324e-20 1.35324e-20 1.35324e-20 1.35324e-20 1.35324e-20 1.35324e-20 1.35324e-20 1.35324e-20 
2.61193	1	1.35324e-20 1.35324e-20 1.35324e-20 1.35324e-20 1.35324e-20 1.35324e-20 1.35324e-20 1.35324e-20 1.35324e-20 1.35324e-20 1.35324e-20 1.35324e-20 1.35324e-20 1.35324e-20 1.35324e-20 1.35324e-20 1.35324e-20 1.35324e-20 1.35324e-20 1.35324e-20 1.35324e-20 1.35324e-20 1.35324e-20 1.35324e-20 1.35324e-20 
2.61193	2	1.35324e-20 1.35324e-20 1.35324e-20 1.35324e-20 1.35324e-20 1.35324e-20 1.35324e-20 1.35324e-20 1.35324e-20 1.35324e-20 1.35324e-20 1.35324e-20 1.35324e-20 1.35324e-20 1.35324e-20 1.35324e-20 1.35324e-20 1.35324e-20 1.35324e-20 1.35324e-20 1.35324e-20 1.35324e-20 1.35324e-20 1.35324e-20 1.35324e-20 
2.71193	1	1.35324e-20 1.35324e-20 1.35324e-20 1.35324e-20 1.35324e-20 1.35324e-20 1.35324e-20 1.35324e-20 1.35324e-20 1.35324e-20 1.35324e-20 1.35324e-20 1.35324e-20 1.35324e-20 1.35324e-20 1.35324e-20 1.35324e-20 1.35324e-20 1.35324e-20 1.35324e-20 1.35324e-20 1.35324e-20 1.35324e-20 1.35324e-20 1.35324e-20 
2.71193	2	1.35324e-20 1.35324e-20 1.35324e-20 1.35324e-20 1.35324e-20 1.35324e-20 1.35324e-20 1.35324e-20 1.35324e-20 1.35324e-20 1.35324e-20 1.35324e-20 1.35324e-20 1.35324e-20 1.35324e-20 1.35324e-20 1.35324e-20 1.35324e-20 1.35324e-20 1.35324e-20 1.35324e-20 1.35324e-20 1.35324e-20 1.35324e-20 1.35324e-20 
2.81193	1	1.35324e-20 1.35324e-20 1.35324e-20 1.35324e-20 1.35324e-20 1.35324e-20 1.35324e-20 1.35324e-20 1.35324e-20 1.35324e-20 1.35324e-20 1.35324e-20 1.35324e-20 1.35324e-20 1.35324e-20 1.35324e-20 1.35324e-20 1.35324e-20 1.35324e-20 1.35324e-20 1.35324e-20 1.35324e-20 1.35324e-20 1.35324e-20 1.35324e-20 
2.81193	2	1.35324e-20 1.35324e-20 1.35324e-20 1.35324e-20 1.35324e-20 1.35324e-20 1.35324e-20 1.35324e-20 1.35324e-20 1.35324e-20 1.35324e-20 1.35324e-20 1.35324e-20 1.35324e-20 1.35324e-20 1.35324e-20 1.35324e-20 1.35324e-20 1.35324e-20 1.35324e-20 1.35324e-20 1.35324e-20 1.35324e-20 1.35324e-20 1.35324e-20 
2.91193	1	1.35324e-20 1.35324e-20 1.35324e-20 1.35324e-20 1.35324e-20 1.35324e-20 1.35324e-20 1.35324e-20 1.35324e-20 1.35324e-20 1.35324e-20 1.35324e-20 1.35324e-20 1.35324e-20 1.35324e-20 1.35324e-20 1.35324e-20 1.35324e-20 1.35324e-20 1.35324e-20 1.35324e-20 1.35324e-20 1.35324e-20 1.35324e-20 1.35324e-20 
2.91193	2	1.35324e-20 1.35324e-20 1.35324e-20 1.35324e-20 1.35324e-20 1.35324e-20 1.35324e-20 1.35324e-20 1.35324e-20 1.35324e-20 1.35324e-20 1.35324e-20 1.35324e-20 1.35324e-20 1.35324e-20 1.35324e-20 1.35324e-20 1.35324e-20 1.35324e-20 1.35324e-20 1.35324e-20 1.35324e-20 1.35324e-20 1.35324e-20 1.35324e-20 
3.01193	1	1.35324e-20 1.35324e-20 1.35324e-20 1.35324e-20 1.35324e-20 1.35324e-20 1.35324e-20 1.35324e-20 1.35324e-20 1.35324e-20 1.35324e-20 1.35324e-20 1.35324e-20 1.35324e-20 1.35324e-20 1.35324e-20 1.35324e-20 1.35324e-20 1.35324e-20 1.35324e-20 1.35324e-20 1.35324e-20 1.35324e-20 1.35324e-20 1.35324e-20 
3.01193	2	1.35324e-20 1.35324e-20 1.35324e-20 1.35324e-20 1.35324e-20 1.35324e-20 1.35324e-20 1.35324e-20 1.35324e-20 1.35324e-20 1.35324e-20 1.35324e-20 1.35324e-20 1.35324e-20 1.35324e-20 1.35324e-20 1.35324e-20 1.35324e-20 1.35324e-20 1.35324e-20 1.35324e-20 1.35324e-20 1.35324e-20 1.35324e-20 1.35324e-20 
3.04693	2	1.25893e-20 1.25893e-20 1.25893e-20 1.25893e-20 1.25893e-20 1.25893e-20 1.25893e-20 1.25893e-20 1.25893e-20 1.25893e-20 1.25893e-20 1.25893e-20 1.25893e-20 1.25893e-20 1.25893e-20 1.25893e-20 1.25893e-20 1.25893e-20 1.25893e-20 1.25893e-20 1.25893e-20 1.25893e-20 1.25893e-20 1.25893e-20 1.25893e-20 
3.11193	1	1.35324e-20 1.35324e-20 1.35324e-20 1.35324e-20 1.35324e-20 1.35324e-20 1.35324e-20 1.35324e-20 1.35324e-20 1.35324e-20 1.35324e-20 1.35324e-20 1.35324e-20 1.35324e-20 1.35324e-20 1.35324e-20 1.35324e-20 1.35324e-20 1.35324e-20 1.35324e-20 1.35324e-20 1.35324e-20 1.35324e-20 1.35324e-20 1.35324e-20 
3.11193	2	1.35324e-20 1.35324e-20 1.35324e-20 1.35324e-20 1.35324e-20 1.35324e-20 1.35324e-20 1.35324e-20 1.35324e-20 1.35324e-20 1.35324e-20 1.35324e-20 1.35324e-20 1.35324e-20 1.35324e-20 1.35324e-20 1.35324e-20 1.35324e-20 1.35324e-20 1.35324e-20 1.35324e-20 1.35324e-20 1.35324e-20 1.35324e-20 1.35324e-20 
3.11993	2	1.25893e-20 1.25893e-20 1.25893e-20 1.25893e-20 1.25893e-20 1.25893e-20 1.25893e-20 1.25893e-20 1.25893e-20 1.25893e-20 1.25893e-20 1.25893e-20 1.25893e-20 1.25893e-20 1.25893e-20 1.25893e-20 1.25893e-20 1.25893e-20 1.25893e-20 1.25893e-20 1.25893e-20 1.25893e-20 1.25893e-20 1.25893e-20 1.25893e-20 
3.15593	2	1.25893e-20 1.25893e-20 1.25893e-20 1.25893e-20 1.25893e-20 1.25893e-20 1.25893e-20 1.25893e-20 1.25893e-20 1.25893e-20 1.25893e-20 1.25893e-20 1.25893e-20 1.25893e-20 1.25893e-20 1.25893e-20 1.25893e-20 1.25893e-20 1.25893e-20 1.25893e-20 1.25893e-20 1.25893e-20 1.25893e-20 1.25893e-20 1.25893e-20 
3.21193	1	1.35324e-20 1.35324e-20 1.35324e-20 1.35324e-20 1.35324e-20 1.35324e-20 1.35324e-20 1.35324e-20 1.35324e-20 1.35324e-20 1.35324e-20 1.35324e-20 1.35324e-20 1.35324e-20 1.35324e-20 1.35324e-20 1.35324e-20 1.35324e-20 1.35324e-20 1.35324e-20 1.35324e-20 1.35324e-20 1.35324e-20 1.35324e-20 1.35324e-20 
3.21193	2	1.35324e-20 1.35324e-20 1.35324e-20 1.35324e-20 1.35324e-20 1.35324e-20 1.35324e-20 1.35324e-20 1.35324e-20 1.35324e-20 1.35324e-20 1.35324e-20 1.35324e-20 1.35324e-20 1.35324e-20 1.35324e-20 1.35324e-20 1.35324e-20 1.35324e-20 1.35324e-20 1.35324e-20 1.35324e-20 1.35324e-20 1.35324e-20 1.35324e-20 
3.31193	1	1.35324e-20 1.35324e-20 1.35324e-20 1.35324e-20 1.35324e-20 1.35324e-20 1.35324e-20 1.35324e-20 1.35324e-20 1.35324e-20 1.35324e-20 1.35324e-20 1.35324e-20 1.35324e-20 1.35324e-20 1.35324e-20 1.35324e-20 1.35324e-20 1.35324e-20 1.35324e-20 1.35324e-20 1.35324e-20 1.35324e-20 1.35324e-20 1.35324e-20 
3.31193	2	1.35324e-20 1.35324e-20 1.35324e-20 1.35324e-20 1.35324e-20 1.35324e-20 1.35324e-20 1.35324e-20 1.35324e-20 1.35324e-20 1.35324e-20 1.35324e-20 1.35324e-20 1.35324e-20 1.35324e-20 1.35324e-20 1.35324e-20 1.35324e-20 1.35324e-20 1.35324e-20 1.35324e-20 1.35324e-20 1.35324e-20 1.35324e-20 1.35324e-20 
3.41193	1	1.35324e-20 1.35324e-20 1.35324e-20 1.35324e-20 1.35324e-20 1.35324e-20 1.35324e-20 1.35324e-20 1.35324e-20 1.35324e-20 1.35324e-20 1.35324e-20 1.35324e-20 1.35324e-20 1.35324e-20 1.35324e-20 1.35324e-20 1.35324e-20 1.35324e-20 1.35324e-20 1.35324e-20 1.35324e-20 1.35324e-20 1.35324e-20 1.35324e-20 
3.41193	2	1.35324e-20 1.35324e-20 1.35324e-20 1.35324e-20 1.35324e-20 1.35324e-20 1.35324e-20 1.35324e-20 1.35324e-20 1.35324e-20 1.35324e-20 1.35324e-20 1.35324e-20 1.35324e-20 1.35324e-20 1.35324e-20 1.35324e-20 1.35324e-20 1.35324e-20 1.35324e-20 1.35324e-20 1.35324e-20 1.35324e-20 1.35324e-20 1.35324e-20 
3.51193	1	1.35324e-20 1.35324e-20 1.35324e-20 1.35324e-20 1.35324e-20 1.35324e-20 1.35324e-20 1.35324e-20 1.35324e-20 1.35324e-20 1.35324e-20 1.35324e-20 1.35324e-20 1.35324e-20 1.35324e-20 1.35324e-20 1.35324e-20 1.35324e-20 1.35324e-20 1.35324e-20 1.35324e-20 1.35324e-20 1.35324e-20 1.35324e-20 1.35324e-20 
3.51193	2	1.35324e-20 1.35324e-20 1.35324e-20 1.35324e-20 1.35324e-20 1.35324e-20 1.35324e-20 1.35324e-20 1.35324e-20 1.35324e-20 1.35324e-20 1.35324e-20 1.35324e-20 1.35324e-20 1.35324e-20 1.35324e-20 1.35324e-20 1.35324e-20 1.35324e-20 1.35324e-20 1.35324e-20 1.35324e-20 1.35324e-20 1.35324e-20 1.35324e-20 
3.61193	1	1.35324e-20 1.35324e-20 1.35324e-20 1.35324e-20 1.35324e-20 1.35324e-20 1.35324e-20 1.35324e-20 1.35324e-20 1.35324e-20 1.35324e-20 1.35324e-20 1.35324e-20 1.35324e-20 1.35324e-20 1.35324e-20 1.35324e-20 1.35324e-20 1.35324e-20 1.35324e-20 1.35324e-20 1.35324e-20 1.35324e-20 1.35324e-20 1.35324e-20 
3.61193	2	1.35324e-20 1.35324e-20 1.35324e-20 1.35324e-20 1.35324e-20 1.35324e-20 1.35324e-20 1.35324e-20 1.35324e-20 1.35324e-20 1.35324e-20 1.35324e-20 1.35324e-20 1.35324e-20 1.35324e-20 1.35324e-20 1.35324e-20 1.35324e-20 1.35324e-20 1.35324e-20 1.35324e-20 1.35324e-20 1.35324e-20 1.35324e-20 1.35324e-20 
3.71193	1	1.35324e-20 1.35324e-20 1.35324e-20 1.35324e-20 1.35324e-20 1.35324e-20 1.35324e-20 1.35324e-20 1.35324e-20 1.35324e-20 1.35324e-20 1.35324e-20 1.35324e-20 1.35324e-20 1.35324e-20 1.35324e-20 1.35324e-20 1.35324e-20 1.35324e-20 1.35324e-20 1.35324e-20 1.35324e-20 1.35324e-20 1.35324e-20 1.35324e-20 
3.71193	2	1.35324e-20 1.35324e-20 1.35324e-20 1.35324e-20 1.35324e-20 1.35324e-20 1.35324e-20 1.35324e-20 1.35324e-20 1.35324e-20 1.35324e-20 1.35324e-20 1.35324e-20 1.35324e-20 1.35324e-20 1.35324e-20 1.35324e-20 1.35324e-20 1.35324e-20 1.35324e-20 1.35324e-20 1.35324e-20 1.35324e-20 1.35324e-20 1.35324e-20 
3.81193	1	1.35324e-20 1.35324e-20 1.35324e-20 1.35324e-20 1.35324e-20 1.35324e-20 1.35324e-20 1.35324e-20 1.35324e-20 1.35324e-20 1.35324e-20 1.35324e-20 1.35324e-20 1.35324e-20 1.35324e-20 1.35324e-20 1.35324e-20 1.35324e-20 1.35324e-20 1.35324e-20 1.35324e-20 1.35324e-20 1.35324e-20 1.35324e-20 1.35324e-20 
3.81193	2	1.35324e-20 1.35324e-20 1.35324e-20 1.35324e-20 1.35324e-20 1.35324e-20 1.35324e-20 1.35324e-20 1.35324e-20 1.35324e-20 1.35324e-20 1.35324e-20 1.35324e-20 1.35324e-20 1.35324e-20 1.35324e-20 1.35324e-20 1.35324e-20 1.35324e-20 1.35324e-20 1.35324e-20 1.35324e-20 1.35324e-20 1.35324e-20 1.35324e-20 
3.91193	1	1.35324e-20 1.35324e-20 1.35324e-20 1.35324e-20 1.35324e-20 1.35324e-20 1.35324e-20 1.35324e-20 1.35324e-20 1.35324e-20 1.35324e-20 1.35324e-20 1.35324e-20 1.35324e-20 1.35324e-20 1.35324e-20 1.35324e-20 1.35324e-20 1.35324e-20 1.35324e-20 1.35324e-20 1.35324e-20 1.35324e-20 1.35324e-20 1.35324e-20 
3.91193	2	1.35324e-20 1.35324e-20 1.35324e-20 1.35324e-20 1.35324e-20 1.35324e-20 1.35324e-20 1.35324e-20 1.35324e-20 1.35324e-20 1.35324e-20 1.35324e-20 1.35324e-20 1.35324e-20 1.35324e-20 1.35324e-20 1.35324e-20 1.35324e-20 1.35324e-20 1.35324e-20 1.35324e-20 1.35324e-20 1.35324e-20 1.35324e-20 1.35324e-20 
4.01193	1	1.35324e-20 1.35324e-20 1.35324e-20 1.35324e-20 1.35324e-20 1.35324e-20 1.35324e-20 1.35324e-20 1.35324e-20 1.35324e-20 1.35324e-20 1.35324e-20 1.35324e-20 1.35324e-20 1.35324e-20 1.35324e-20 1.35324e-20 1.35324e-20 1.35324e-20 1.35324e-20 1.35324e-20 1.35324e-20 1.35324e-20 1.35324e-20 1.35324e-20 
4.01193	2	1.35324e-20 1.35324e-20 1.35324e-20 1.35324e-20 1.35324e-20 1.35324e-20 1.35324e-20 1.35324e-20 1.35324e-20 1.35324e-20 1.35324e-20 1.35324e-20 1.35324e-20 1.35324e-20 1.35324e-20 1.35324e-20 1.35324e-20 1.35324e-20 1.35324e-20 1.35324e-20 1.35324e-20 1.35324e-20 1.35324e-20 1.35324e-20 1.35324e-20 
4.11193	1	1.35324e-20 1.35324e-20 1.35324e-20 1.35324e-20 1.35324e-20 1.35324e-20 1.35324e-20 1.35324e-20 1.35324e-20 1.35324e-20 1.35324e-20 1.35324e-20 1.35324e-20 1.35324e-20 1.35324e-20 1.35324e-20 1.35324e-20 1.35324e-20 1.35324e-20 1.35324e-20 1.35324e-20 1.35324e-20 1.35324e-20 1.35324e-20 1.35324e-20 
4.11193	2	1.35324e-20 1.35324e-20 1.35324e-20 1.35324e-20 1.35324e-20 1.35324e-20 1.35324e-20 1.35324e-20 1.35324e-20 1.35324e-20 1.35324e-20 1.35324e-20 1.35324e-20 1.35324e-20 1.35324e-20 1.35324e-20 1.35324e-20 1.35324e-20 1.35324e-20 1.35324e-20 1.35324e-20 1.35324e-20 1.35324e-20 1.35324e-20 1.35324e-20 
4.21193	1	1.35324e-20 1.35324e-20 1.35324e-20 1.35324e-20 1.35324e-20 1.35324e-20 1.35324e-20 1.35324e-20 1.35324e-20 1.35324e-20 1.35324e-20 1.35324e-20 1.35324e-20 1.35324e-20 1.35324e-20 1.35324e-20 1.35324e-20 1.35324e-20 1.35324e-20 1.35324e-20 1.35324e-20 1.35324e-20 1.35324e-20 1.35324e-20 1.35324e-20 
4.21193	2	1.35324e-20 1.35324e-20 1.35324e-20 1.35324e-20 1.35324e-20 1.35324e-20 1.35324e-20 1.35324e-20 1.35324e-20 1.35324e-20 1.35324e-20 1.35324e-20 1.35324e-20 1.35324e-20 1.35324e-20 1.35324e-20 1.35324e-20 1.35324e-20 1.35324e-20 1.35324e-20 1.35324e-20 1.35324e-20 1.35324e-20 1.35324e-20 1.35324e-20 
4.31193	1	1.35324e-20 1.35324e-20 1.35324e-20 1.35324e-20 1.35324e-20 1.35324e-20 1.35324e-20 1.35324e-20 1.35324e-20 1.35324e-20 1.35324e-20 1.35324e-20 1.35324e-20 1.35324e-20 1.35324e-20 1.35324e-20 1.35324e-20 1.35324e-20 1.35324e-20 1.35324e-20 1.35324e-20 1.35324e-20 1.35324e-20 1.35324e-20 1.35324e-20 
4.31193	2	1.35324e-20 1.35324e-20 1.35324e-20 1.35324e-20 1.35324e-20 1.35324e-20 1.35324e-20 1.35324e-20 1.35324e-20 1.35324e-20 1.35324e-20 1.35324e-20 1.35324e-20 1.35324e-20 1.35324e-20 1.35324e-20 1.35324e-20 1.35324e-20 1.35324e-20 1.35324e-20 1.35324e-20 1.35324e-20 1.35324e-20 1.35324e-20 1.35324e-20 
4.41193	1	1.35324e-20 1.35324e-20 1.35324e-20 1.35324e-20 1.35324e-20 1.35324e-20 1.35324e-20 1.35324e-20 1.35324e-20 1.35324e-20 1.35324e-20 1.35324e-20 1.35324e-20 1.35324e-20 1.35324e-20 1.35324e-20 1.35324e-20 1.35324e-20 1.35324e-20 1.35324e-20 1.35324e-20 1.35324e-20 1.35324e-20 1.35324e-20 1.35324e-20 
4.41193	2	1.35324e-20 1.35324e-20 1.35324e-20 1.35324e-20 1.35324e-20 1.35324e-20 1.35324e-20 1.35324e-20 1.35324e-20 1.35324e-20 1.35324e-20 1.35324e-20 1.35324e-20 1.35324e-20 1.35324e-20 1.35324e-20 1.35324e-20 1.35324e-20 1.35324e-20 1.35324e-20 1.35324e-20 1.35324e-20 1.35324e-20 1.35324e-20 1.35324e-20 
4.51193	1	1.35324e-20 1.35324e-20 1.35324e-20 1.35324e-20 1.35324e-20 1.35324e-20 1.35324e-20 1.35324e-20 1.35324e-20 1.35324e-20 1.35324e-20 1.35324e-20 1.35324e-20 1.35324e-20 1.35324e-20 1.35324e-20 1.35324e-20 1.35324e-20 1.35324e-20 1.35324e-20 1.35324e-20 1.35324e-20 1.35324e-20 1.35324e-20 1.35324e-20 
4.51193	2	1.35324e-20 1.35324e-20 1.35324e-20 1.35324e-20 1.35324e-20 1.35324e-20 1.35324e-20 1.35324e-20 1.35324e-20 1.35324e-20 1.35324e-20 1.35324e-20 1.35324e-20 1.35324e-20 1.35324e-20 1.35324e-20 1.35324e-20 1.35324e-20 1.35324e-20 1.35324e-20 1.35324e-20 1.35324e-20 1.35324e-20 1.35324e-20 1.35324e-20 
4.61193	1	1.35324e-20 1.35324e-20 1.35324e-20 1.35324e-20 1.35324e-20 1.35324e-20 1.35324e-20 1.35324e-20 1.35324e-20 1.35324e-20 1.35324e-20 1.35324e-20 1.35324e-20 1.35324e-20 1.35324e-20 1.35324e-20 1.35324e-20 1.35324e-20 1.35324e-20 1.35324e-20 1.35324e-20 1.35324e-20 1.35324e-20 1.35324e-20 1.35324e-20 
4.61193	2	1.35324e-20 1.35324e-20 1.35324e-20 1.35324e-20 1.35324e-20 1.35324e-20 1.35324e-20 1.35324e-20 1.35324e-20 1.35324e-20 1.35324e-20 1.35324e-20 1.35324e-20 1.35324e-20 1.35324e-20 1.35324e-20 1.35324e-20 1.35324e-20 1.35324e-20 1.35324e-20 1.35324e-20 1.35324e-20 1.35324e-20 1.35324e-20 1.35324e-20 
4.71193	1	1.35324e-20 1.35324e-20 1.35324e-20 1.35324e-20 1.35324e-20 1.35324e-20 1.35324e-20 1.35324e-20 1.35324e-20 1.35324e-20 1.35324e-20 1.35324e-20 1.35324e-20 1.35324e-20 1.35324e-20 1.35324e-20 1.35324e-20 1.35324e-20 1.35324e-20 1.35324e-20 1.35324e-20 1.35324e-20 1.35324e-20 1.35324e-20 1.35324e-20 
4.71193	2	1.35324e-20 1.35324e-20 1.35324e-20 1.35324e-20 1.35324e-20 1.35324e-20 1.35324e-20 1.35324e-20 1.35324e-20 1.35324e-20 1.35324e-20 1.35324e-20 1.35324e-20 1.35324e-20 1.35324e-20 1.35324e-20 1.35324e-20 1.35324e-20 1.35324e-20 1.35324e-20 1.35324e-20 1.35324e-20 1.35324e-20 1.35324e-20 1.35324e-20 
4.81193	1	1.35324e-20 1.35324e-20 1.35324e-20 1.35324e-20 1.35324e-20 1.35324e-20 1.35324e-20 1.35324e-20 1.35324e-20 1.35324e-20 1.35324e-20 1.35324e-20 1.35324e-20 1.35324e-20 1.35324e-20 1.35324e-20 1.35324e-20 1.35324e-20 1.35324e-20 1.35324e-20 1.35324e-20 1.35324e-20 1.35324e-20 1.35324e-20 1.35324e-20 
4.81193	2	1.35324e-20 1.35324e-20 1.35324e-20 1.35324e-20 1.35324e-20 1.35324e-20 1.35324e-20 1.35324e-20 1.35324e-20 1.35324e-20 1.35324e-20 1.35324e-20 1.35324e-20 1.35324e-20 1.35324e-20 1.35324e-20 1.35324e-20 1.35324e-20 1.35324e-20 1.35324e-20 1.35324e-20 1.35324e-20 1.35324e-20 1.35324e-20 1.35324e-20 
4.91193	1	1.35324e-20 1.35324e-20 1.35324e-20 1.35324e-20 1.35324e-20 1.35324e-20 1.35324e-20 1.35324e-20 1.35324e-20 1.35324e-20 1.35324e-20 1.35324e-20 1.35324e-20 1.35324e-20 1.35324e-20 1.35324e-20 1.35324e-20 1.35324e-20 1.35324e-20 1.35324e-20 1.35324e-20 1.35324e-20 1.35324e-20 1.35324e-20 1.35324e-20 
4.91193	2	1.35324e-20 1.35324e-20 1.35324e-20 1.35324e-20 1.35324e-20 1.35324e-20 1.35324e-20 1.35324e-20 1.35324e-20 1.35324e-20 1.35324e-20 1.35324e-20 1.35324e-20 1.35324e-20 1.35324e-20 1.35324e-20 1.35324e-20 1.35324e-20 1.35324e-20 1.35324e-20 1.35324e-20 1.35324e-20 1.35324e-20 1.35324e-20 1.35324e-20 
5.01193	1	1.35324e-20 1.35324e-20 1.35324e-20 1.35324e-20 1.35324e-20 1.35324e-20 1.35324e-20 1.35324e-20 1.35324e-20 1.35324e-20 1.35324e-20 1.35324e-20 1.35324e-20 1.35324e-20 1.35324e-20 1.35324e-20 1.35324e-20 1.35324e-20 1.35324e-20 1.35324e-20 1.35324e-20 1.35324e-20 1.35324e-20 1.35324e-20 1.35324e-20 
5.01193	2	1.35324e-20 1.35324e-20 1.35324e-20 1.35324e-20 1.35324e-20 1.35324e-20 1.35324e-20 1.35324e-20 1.35324e-20 1.35324e-20 1.35324e-20 1.35324e-20 1.35324e-20 1.35324e-20 1.35324e-20 1.35324e-20 1.35324e-20 1.35324e-20 1.35324e-20 1.35324e-20 1.35324e-20 1.35324e-20 1.35324e-20 1.35324e-20 1.35324e-20 
5.11193	1	1.35324e-20 1.35324e-20 1.35324e-20 1.35324e-20 1.35324e-20 1.35324e-20 1.35324e-20 1.35324e-20 1.35324e-20 1.35324e-20 1.35324e-20 1.35324e-20 1.35324e-20 1.35324e-20 1.35324e-20 1.35324e-20 1.35324e-20 1.35324e-20 1.35324e-20 1.35324e-20 1.35324e-20 1.35324e-20 1.35324e-20 1.35324e-20 1.35324e-20 
5.11193	2	1.35324e-20 1.35324e-20 1.35324e-20 1.35324e-20 1.35324e-20 1.35324e-20 1.35324e-20 1.35324e-20 1.35324e-20 1.35324e-20 1.35324e-20 1.35324e-20 1.35324e-20 1.35324e-20 1.35324e-20 1.35324e-20 1.35324e-20 1.35324e-20 1.35324e-20 1.35324e-20 1.35324e-20 1.35324e-20 1.35324e-20 1.35324e-20 1.35324e-20 
5.21193	1	1.35324e-20 1.35324e-20 1.35324e-20 1.35324e-20 1.35324e-20 1.35324e-20 1.35324e-20 1.35324e-20 1.35324e-20 1.35324e-20 1.35324e-20 1.35324e-20 1.35324e-20 1.35324e-20 1.35324e-20 1.35324e-20 1.35324e-20 1.35324e-20 1.35324e-20 1.35324e-20 1.35324e-20 1.35324e-20 1.35324e-20 1.35324e-20 1.35324e-20 
5.21193	2	1.35324e-20 1.35324e-20 1.35324e-20 1.35324e-20 1.35324e-20 1.35324e-20 1.35324e-20 1.35324e-20 1.35324e-20 1.35324e-20 1.35324e-20 1.35324e-20 1.35324e-20 1.35324e-20 1.35324e-20 1.35324e-20 1.35324e-20 1.35324e-20 1.35324e-20 1.35324e-20 1.35324e-20 1.35324e-20 1.35324e-20 1.35324e-20 1.35324e-20 
5.31193	1	1.35324e-20 1.35324e-20 1.35324e-20 1.35324e-20 1.35324e-20 1.35324e-20 1.35324e-20 1.35324e-20 1.35324e-20 1.35324e-20 1.35324e-20 1.35324e-20 1.35324e-20 1.35324e-20 1.35324e-20 1.35324e-20 1.35324e-20 1.35324e-20 1.35324e-20 1.35324e-20 1.35324e-20 1.35324e-20 1.35324e-20 1.35324e-20 1.35324e-20 
5.31193	2	1.35324e-20 1.35324e-20 1.35324e-20 1.35324e-20 1.35324e-20 1.35324e-20 1.35324e-20 1.35324e-20 1.35324e-20 1.35324e-20 1.35324e-20 1.35324e-20 1.35324e-20 1.35324e-20 1.35324e-20 1.35324e-20 1.35324e-20 1.35324e-20 1.35324e-20 1.35324e-20 1.35324e-20 1.35324e-20 1.35324e-20 1.35324e-20 1.35324e-20 
5.41193	1	1.35324e-20 1.35324e-20 1.35324e-20 1.35324e-20 1.35324e-20 1.35324e-20 1.35324e-20 1.35324e-20 1.35324e-20 1.35324e-20 1.35324e-20 1.35324e-20 1.35324e-20 1.35324e-20 1.35324e-20 1.35324e-20 1.35324e-20 1.35324e-20 1.35324e-20 1.35324e-20 1.35324e-20 1.35324e-20 1.35324e-20 1.35324e-20 1.35324e-20 
5.41193	2	1.35324e-20 1.35324e-20 1.35324e-20 1.35324e-20 1.35324e-20 1.35324e-20 1.35324e-20 1.35324e-20 1.35324e-20 1.35324e-20 1.35324e-20 1.35324e-20 1.35324e-20 1.35324e-20 1.35324e-20 1.35324e-20 1.35324e-20 1.35324e-20 1.35324e-20 1.35324e-20 1.35324e-20 1.35324e-20 1.35324e-20 1.35324e-20 1.35324e-20 
5.51193	1	1.35324e-20 1.35324e-20 1.35324e-20 1.35324e-20 1.35324e-20 1.35324e-20 1.35324e-20 1.35324e-20 1.35324e-20 1.35324e-20 1.35324e-20 1.35324e-20 1.35324e-20 1.35324e-20 1.35324e-20 1.35324e-20 1.35324e-20 1.35324e-20 1.35324e-20 1.35324e-20 1.35324e-20 1.35324e-20 1.35324e-20 1.35324e-20 1.35324e-20 
5.51193	2	1.35324e-20 1.35324e-20 1.35324e-20 1.35324e-20 1.35324e-20 1.35324e-20 1.35324e-20 1.35324e-20 1.35324e-20 1.35324e-20 1.35324e-20 1.35324e-20 1.35324e-20 1.35324e-20 1.35324e-20 1.35324e-20 1.35324e-20 1.35324e-20 1.35324e-20 1.35324e-20 1.35324e-20 1.35324e-20 1.35324e-20 1.35324e-20 1.35324e-20 
5.61193	1	1.35324e-20 1.35324e-20 1.35324e-20 1.35324e-20 1.35324e-20 1.35324e-20 1.35324e-20 1.35324e-20 1.35324e-20 1.35324e-20 1.35324e-20 1.35324e-20 1.35324e-20 1.35324e-20 1.35324e-20 1.35324e-20 1.35324e-20 1.35324e-20 1.35324e-20 1.35324e-20 1.35324e-20 1.35324e-20 1.35324e-20 1.35324e-20 1.35324e-20 
5.61193	2	1.35324e-20 1.35324e-20 1.35324e-20 1.35324e-20 1.35324e-20 1.35324e-20 1.35324e-20 1.35324e-20 1.35324e-20 1.35324e-20 1.35324e-20 1.35324e-20 1.35324e-20 1.35324e-20 1.35324e-20 1.35324e-20 1.35324e-20 1.35324e-20 1.35324e-20 1.35324e-20 1.35324e-20 1.35324e-20 1.35324e-20 1.35324e-20 1.35324e-20 
5.71193	1	1.35324e-20 1.35324e-20 1.35324e-20 1.35324e-20 1.35324e-20 1.35324e-20 1.35324e-20 1.35324e-20 1.35324e-20 1.35324e-20 1.35324e-20 1.35324e-20 1.35324e-20 1.35324e-20 1.35324e-20 1.35324e-20 1.35324e-20 1.35324e-20 1.35324e-20 1.35324e-20 1.35324e-20 1.35324e-20 1.35324e-20 1.35324e-20 1.35324e-20 
5.71193	2	1.35324e-20 1.35324e-20 1.35324e-20 1.35324e-20 1.35324e-20 1.35324e-20 1.35324e-20 1.35324e-20 1.35324e-20 1.35324e-20 1.35324e-20 1.35324e-20 1.35324e-20 1.35324e-20 1.35324e-20 1.35324e-20 1.35324e-20 1.35324e-20 1.35324e-20 1.35324e-20 1.35324e-20 1.35324e-20 1.35324e-20 1.35324e-20 1.35324e-20 
5.81193	1	1.35324e-20 1.35324e-20 1.35324e-20 1.35324e-20 1.35324e-20 1.35324e-20 1.35324e-20 1.35324e-20 1.35324e-20 1.35324e-20 1.35324e-20 1.35324e-20 1.35324e-20 1.35324e-20 1.35324e-20 1.35324e-20 1.35324e-20 1.35324e-20 1.35324e-20 1.35324e-20 1.35324e-20 1.35324e-20 1.35324e-20 1.35324e-20 1.35324e-20 
5.81193	2	1.35324e-20 1.35324e-20 1.35324e-20 1.35324e-20 1.35324e-20 1.35324e-20 1.35324e-20 1.35324e-20 1.35324e-20 1.35324e-20 1.35324e-20 1.35324e-20 1.35324e-20 1.35324e-20 1.35324e-20 1.35324e-20 1.35324e-20 1.35324e-20 1.35324e-20 1.35324e-20 1.35324e-20 1.35324e-20 1.35324e-20 1.35324e-20 1.35324e-20 
5.91193	1	1.35324e-20 1.35324e-20 1.35324e-20 1.35324e-20 1.35324e-20 1.35324e-20 1.35324e-20 1.35324e-20 1.35324e-20 1.35324e-20 1.35324e-20 1.35324e-20 1.35324e-20 1.35324e-20 1.35324e-20 1.35324e-20 1.35324e-20 1.35324e-20 1.35324e-20 1.35324e-20 1.35324e-20 1.35324e-20 1.35324e-20 1.35324e-20 1.35324e-20 
5.91193	2	1.35324e-20 1.35324e-20 1.35324e-20 1.35324e-20 1.35324e-20 1.35324e-20 1.35324e-20 1.35324e-20 1.35324e-20 1.35324e-20 1.35324e-20 1.35324e-20 1.35324e-20 1.35324e-20 1.35324e-20 1.35324e-20 1.35324e-20 1.35324e-20 1.35324e-20 1.35324e-20 1.35324e-20 1.35324e-20 1.35324e-20 1.35324e-20 1.35324e-20 
6.01193	1	1.35324e-20 1.35324e-20 1.35324e-20 1.35324e-20 1.35324e-20 1.35324e-20 1.35324e-20 1.35324e-20 1.35324e-20 1.35324e-20 1.35324e-20 1.35324e-20 1.35324e-20 1.35324e-20 1.35324e-20 1.35324e-20 1.35324e-20 1.35324e-20 1.35324e-20 1.35324e-20 1.35324e-20 1.35324e-20 1.35324e-20 1.35324e-20 1.35324e-20 
6.01193	2	1.35324e-20 1.35324e-20 1.35324e-20 1.35324e-20 1.35324e-20 1.35324e-20 1.35324e-20 1.35324e-20 1.35324e-20 1.35324e-20 1.35324e-20 1.35324e-20 1.35324e-20 1.35324e-20 1.35324e-20 1.35324e-20 1.35324e-20 1.35324e-20 1.35324e-20 1.35324e-20 1.35324e-20 1.35324e-20 1.35324e-20 1.35324e-20 1.35324e-20 
6.11193	1	1.35324e-20 1.35324e-20 1.35324e-20 1.35324e-20 1.35324e-20 1.35324e-20 1.35324e-20 1.35324e-20 1.35324e-20 1.35324e-20 1.35324e-20 1.35324e-20 1.35324e-20 1.35324e-20 1.35324e-20 1.35324e-20 1.35324e-20 1.35324e-20 1.35324e-20 1.35324e-20 1.35324e-20 1.35324e-20 1.35324e-20 1.35324e-20 1.35324e-20 
6.11193	2	1.35324e-20 1.35324e-20 1.35324e-20 1.35324e-20 1.35324e-20 1.35324e-20 1.35324e-20 1.35324e-20 1.35324e-20 1.35324e-20 1.35324e-20 1.35324e-20 1.35324e-20 1.35324e-20 1.35324e-20 1.35324e-20 1.35324e-20 1.35324e-20 1.35324e-20 1.35324e-20 1.35324e-20 1.35324e-20 1.35324e-20 1.35324e-20 1.35324e-20 
6.21193	1	1.35324e-20 1.35324e-20 1.35324e-20 1.35324e-20 1.35324e-20 1.35324e-20 1.35324e-20 1.35324e-20 1.35324e-20 1.35324e-20 1.35324e-20 1.35324e-20 1.35324e-20 1.35324e-20 1.35324e-20 1.35324e-20 1.35324e-20 1.35324e-20 1.35324e-20 1.35324e-20 1.35324e-20 1.35324e-20 1.35324e-20 1.35324e-20 1.35324e-20 
6.21193	2	1.35324e-20 1.35324e-20 1.35324e-20 1.35324e-20 1.35324e-20 1.35324e-20 1.35324e-20 1.35324e-20 1.35324e-20 1.35324e-20 1.35324e-20 1.35324e-20 1.35324e-20 1.35324e-20 1.35324e-20 1.35324e-20 1.35324e-20 1.35324e-20 1.35324e-20 1.35324e-20 1.35324e-20 1.35324e-20 1.35324e-20 1.35324e-20 1.35324e-20 
6.31193	1	1.35324e-20 1.35324e-20 1.35324e-20 1.35324e-20 1.35324e-20 1.35324e-20 1.35324e-20 1.35324e-20 1.35324e-20 1.35324e-20 1.35324e-20 1.35324e-20 1.35324e-20 1.35324e-20 1.35324e-20 1.35324e-20 1.35324e-20 1.35324e-20 1.35324e-20 1.35324e-20 1.35324e-20 1.35324e-20 1.35324e-20 1.35324e-20 1.35324e-20 
6.31193	2	1.35324e-20 1.35324e-20 1.35324e-20 1.35324e-20 1.35324e-20 1.35324e-20 1.35324e-20 1.35324e-20 1.35324e-20 1.35324e-20 1.35324e-20 1.35324e-20 1.35324e-20 1.35324e-20 1.35324e-20 1.35324e-20 1.35324e-20 1.35324e-20 1.35324e-20 1.35324e-20 1.35324e-20 1.35324e-20 1.35324e-20 1.35324e-20 1.35324e-20 
6.41193	1	1.35324e-20 1.35324e-20 1.35324e-20 1.35324e-20 1.35324e-20 1.35324e-20 1.35324e-20 1.35324e-20 1.35324e-20 1.35324e-20 1.35324e-20 1.35324e-20 1.35324e-20 1.35324e-20 1.35324e-20 1.35324e-20 1.35324e-20 1.35324e-20 1.35324e-20 1.35324e-20 1.35324e-20 1.35324e-20 1.35324e-20 1.35324e-20 1.35324e-20 
6.41193	2	1.35324e-20 1.35324e-20 1.35324e-20 1.35324e-20 1.35324e-20 1.35324e-20 1.35324e-20 1.35324e-20 1.35324e-20 1.35324e-20 1.35324e-20 1.35324e-20 1.35324e-20 1.35324e-20 1.35324e-20 1.35324e-20 1.35324e-20 1.35324e-20 1.35324e-20 1.35324e-20 1.35324e-20 1.35324e-20 1.35324e-20 1.35324e-20 1.35324e-20 
6.51193	1	1.35324e-20 1.35324e-20 1.35324e-20 1.35324e-20 1.35324e-20 1.35324e-20 1.35324e-20 1.35324e-20 1.35324e-20 1.35324e-20 1.35324e-20 1.35324e-20 1.35324e-20 1.35324e-20 1.35324e-20 1.35324e-20 1.35324e-20 1.35324e-20 1.35324e-20 1.35324e-20 1.35324e-20 1.35324e-20 1.35324e-20 1.35324e-20 1.35324e-20 
6.51193	2	1.35324e-20 1.35324e-20 1.35324e-20 1.35324e-20 1.35324e-20 1.35324e-20 1.35324e-20 1.35324e-20 1.35324e-20 1.35324e-20 1.35324e-20 1.35324e-20 1.35324e-20 1.35324e-20 1.35324e-20 1.35324e-20 1.35324e-20 1.35324e-20 1.35324e-20 1.35324e-20 1.35324e-20 1.35324e-20 1.35324e-20 1.35324e-20 1.35324e-20 
6.61193	1	1.35324e-20 1.35324e-20 1.35324e-20 1.35324e-20 1.35324e-20 1.35324e-20 1.35324e-20 1.35324e-20 1.35324e-20 1.35324e-20 1.35324e-20 1.35324e-20 1.35324e-20 1.35324e-20 1.35324e-20 1.35324e-20 1.35324e-20 1.35324e-20 1.35324e-20 1.35324e-20 1.35324e-20 1.35324e-20 1.35324e-20 1.35324e-20 1.35324e-20 
6.61193	2	1.35324e-20 1.35324e-20 1.35324e-20 1.35324e-20 1.35324e-20 1.35324e-20 1.35324e-20 1.35324e-20 1.35324e-20 1.35324e-20 1.35324e-20 1.35324e-20 1.35324e-20 1.35324e-20 1.35324e-20 1.35324e-20 1.35324e-20 1.35324e-20 1.35324e-20 1.35324e-20 1.35324e-20 1.35324e-20 1.35324e-20 1.35324e-20 1.35324e-20 
6.71193	1	1.35324e-20 1.35324e-20 1.35324e-20 1.35324e-20 1.35324e-20 1.35324e-20 1.35324e-20 1.35324e-20 1.35324e-20 1.35324e-20 1.35324e-20 1.35324e-20 1.35324e-20 1.35324e-20 1.35324e-20 1.35324e-20 1.35324e-20 1.35324e-20 1.35324e-20 1.35324e-20 1.35324e-20 1.35324e-20 1.35324e-20 1.35324e-20 1.35324e-20 
6.71193	2	1.35324e-20 1.35324e-20 1.35324e-20 1.35324e-20 1.35324e-20 1.35324e-20 1.35324e-20 1.35324e-20 1.35324e-20 1.35324e-20 1.35324e-20 1.35324e-20 1.35324e-20 1.35324e-20 1.35324e-20 1.35324e-20 1.35324e-20 1.35324e-20 1.35324e-20 1.35324e-20 1.35324e-20 1.35324e-20 1.35324e-20 1.35324e-20 1.35324e-20 
6.81193	1	1.35324e-20 1.35324e-20 1.35324e-20 1.35324e-20 1.35324e-20 1.35324e-20 1.35324e-20 1.35324e-20 1.35324e-20 1.35324e-20 1.35324e-20 1.35324e-20 1.35324e-20 1.35324e-20 1.35324e-20 1.35324e-20 1.35324e-20 1.35324e-20 1.35324e-20 1.35324e-20 1.35324e-20 1.35324e-20 1.35324e-20 1.35324e-20 1.35324e-20 
6.81193	2	1.35324e-20 1.35324e-20 1.35324e-20 1.35324e-20 1.35324e-20 1.35324e-20 1.35324e-20 1.35324e-20 1.35324e-20 1.35324e-20 1.35324e-20 1.35324e-20 1.35324e-20 1.35324e-20 1.35324e-20 1.35324e-20 1.35324e-20 1.35324e-20 1.35324e-20 1.35324e-20 1.35324e-20 1.35324e-20 1.35324e-20 1.35324e-20 1.35324e-20 
6.91193	1	1.35324e-20 1.35324e-20 1.35324e-20 1.35324e-20 1.35324e-20 1.35324e-20 1.35324e-20 1.35324e-20 1.35324e-20 1.35324e-20 1.35324e-20 1.35324e-20 1.35324e-20 1.35324e-20 1.35324e-20 1.35324e-20 1.35324e-20 1.35324e-20 1.35324e-20 1.35324e-20 1.35324e-20 1.35324e-20 1.35324e-20 1.35324e-20 1.35324e-20 
6.91193	2	1.35324e-20 1.35324e-20 1.35324e-20 1.35324e-20 1.35324e-20 1.35324e-20 1.35324e-20 1.35324e-20 1.35324e-20 1.35324e-20 1.35324e-20 1.35324e-20 1.35324e-20 1.35324e-20 1.35324e-20 1.35324e-20 1.35324e-20 1.35324e-20 1.35324e-20 1.35324e-20 1.35324e-20 1.35324e-20 1.35324e-20 1.35324e-20 1.35324e-20 
7.01193	1	1.35324e-20 1.35324e-20 1.35324e-20 1.35324e-20 1.35324e-20 1.35324e-20 1.35324e-20 1.35324e-20 1.35324e-20 1.35324e-20 1.35324e-20 1.35324e-20 1.35324e-20 1.35324e-20 1.35324e-20 1.35324e-20 1.35324e-20 1.35324e-20 1.35324e-20 1.35324e-20 1.35324e-20 1.35324e-20 1.35324e-20 1.35324e-20 1.35324e-20 
7.01193	2	1.35324e-20 1.35324e-20 1.35324e-20 1.35324e-20 1.35324e-20 1.35324e-20 1.35324e-20 1.35324e-20 1.35324e-20 1.35324e-20 1.35324e-20 1.35324e-20 1.35324e-20 1.35324e-20 1.35324e-20 1.35324e-20 1.35324e-20 1.35324e-20 1.35324e-20 1.35324e-20 1.35324e-20 1.35324e-20 1.35324e-20 1.35324e-20 1.35324e-20 
7.11193	1	1.35324e-20 1.35324e-20 1.35324e-20 1.35324e-20 1.35324e-20 1.35324e-20 1.35324e-20 1.35324e-20 1.35324e-20 1.35324e-20 1.35324e-20 1.35324e-20 1.35324e-20 1.35324e-20 1.35324e-20 1.35324e-20 1.35324e-20 1.35324e-20 1.35324e-20 1.35324e-20 1.35324e-20 1.35324e-20 1.35324e-20 1.35324e-20 1.35324e-20 
7.11193	2	1.35324e-20 1.35324e-20 1.35324e-20 1.35324e-20 1.35324e-20 1.35324e-20 1.35324e-20 1.35324e-20 1.35324e-20 1.35324e-20 1.35324e-20 1.35324e-20 1.35324e-20 1.35324e-20 1.35324e-20 1.35324e-20 1.35324e-20 1.35324e-20 1.35324e-20 1.35324e-20 1.35324e-20 1.35324e-20 1.35324e-20 1.35324e-20 1.35324e-20 
7.21193	1	1.35324e-20 1.35324e-20 1.35324e-20 1.35324e-20 1.35324e-20 1.35324e-20 1.35324e-20 1.35324e-20 1.35324e-20 1.35324e-20 1.35324e-20 1.35324e-20 1.35324e-20 1.35324e-20 1.35324e-20 1.35324e-20 1.35324e-20 1.35324e-20 1.35324e-20 1.35324e-20 1.35324e-20 1.35324e-20 1.35324e-20 1.35324e-20 1.35324e-20 
7.21193	2	1.35324e-20 1.35324e-20 1.35324e-20 1.35324e-20 1.35324e-20 1.35324e-20 1.35324e-20 1.35324e-20 1.35324e-20 1.35324e-20 1.35324e-20 1.35324e-20 1.35324e-20 1.35324e-20 1.35324e-20 1.35324e-20 1.35324e-20 1.35324e-20 1.35324e-20 1.35324e-20 1.35324e-20 1.35324e-20 1.35324e-20 1.35324e-20 1.35324e-20 
7.31193	1	1.35324e-20 1.35324e-20 1.35324e-20 1.35324e-20 1.35324e-20 1.35324e-20 1.35324e-20 1.35324e-20 1.35324e-20 1.35324e-20 1.35324e-20 1.35324e-20 1.35324e-20 1.35324e-20 1.35324e-20 1.35324e-20 1.35324e-20 1.35324e-20 1.35324e-20 1.35324e-20 1.35324e-20 1.35324e-20 1.35324e-20 1.35324e-20 1.35324e-20 
7.31193	2	1.35324e-20 1.35324e-20 1.35324e-20 1.35324e-20 1.35324e-20 1.35324e-20 1.35324e-20 1.35324e-20 1.35324e-20 1.35324e-20 1.35324e-20 1.35324e-20 1.35324e-20 1.35324e-20 1.35324e-20 1.35324e-20 1.35324e-20 1.35324e-20 1.35324e-20 1.35324e-20 1.35324e-20 1.35324e-20 1.35324e-20 1.35324e-20 1.35324e-20 
7.41193	1	1.35324e-20 1.35324e-20 1.35324e-20 1.35324e-20 1.35324e-20 1.35324e-20 1.35324e-20 1.35324e-20 1.35324e-20 1.35324e-20 1.35324e-20 1.35324e-20 1.35324e-20 1.35324e-20 1.35324e-20 1.35324e-20 1.35324e-20 1.35324e-20 1.35324e-20 1.35324e-20 1.35324e-20 1.35324e-20 1.35324e-20 1.35324e-20 1.35324e-20 
7.41193	2	1.35324e-20 1.35324e-20 1.35324e-20 1.35324e-20 1.35324e-20 1.35324e-20 1.35324e-20 1.35324e-20 1.35324e-20 1.35324e-20 1.35324e-20 1.35324e-20 1.35324e-20 1.35324e-20 1.35324e-20 1.35324e-20 1.35324e-20 1.35324e-20 1.35324e-20 1.35324e-20 1.35324e-20 1.35324e-20 1.35324e-20 1.35324e-20 1.35324e-20 
7.51193	1	1.35324e-20 1.35324e-20 1.35324e-20 1.35324e-20 1.35324e-20 1.35324e-20 1.35324e-20 1.35324e-20 1.35324e-20 1.35324e-20 1.35324e-20 1.35324e-20 1.35324e-20 1.35324e-20 1.35324e-20 1.35324e-20 1.35324e-20 1.35324e-20 1.35324e-20 1.35324e-20 1.35324e-20 1.35324e-20 1.35324e-20 1.35324e-20 1.35324e-20 
7.51193	2	1.35324e-20 1.35324e-20 1.35324e-20 1.35324e-20 1.35324e-20 1.35324e-20 1.35324e-20 1.35324e-20 1.35324e-20 1.35324e-20 1.35324e-20 1.35324e-20 1.35324e-20 1.35324e-20 1.35324e-20 1.35324e-20 1.35324e-20 1.35324e-20 1.35324e-20 1.35324e-20 1.35324e-20 1.35324e-20 1.35324e-20 1.35324e-20 1.35324e-20 
7.61193	1	1.35324e-20 1.35324e-20 1.35324e-20 1.35324e-20 1.35324e-20 1.35324e-20 1.35324e-20 1.35324e-20 1.35324e-20 1.35324e-20 1.35324e-20 1.35324e-20 1.35324e-20 1.35324e-20 1.35324e-20 1.35324e-20 1.35324e-20 1.35324e-20 1.35324e-20 1.35324e-20 1.35324e-20 1.35324e-20 1.35324e-20 1.35324e-20 1.35324e-20 
7.61193	2	1.35324e-20 1.35324e-20 1.35324e-20 1.35324e-20 1.35324e-20 1.35324e-20 1.35324e-20 1.35324e-20 1.35324e-20 1.35324e-20 1.35324e-20 1.35324e-20 1.35324e-20 1.35324e-20 1.35324e-20 1.35324e-20 1.35324e-20 1.35324e-20 1.35324e-20 1.35324e-20 1.35324e-20 1.35324e-20 1.35324e-20 1.35324e-20 1.35324e-20 
7.71193	1	1.35324e-20 1.35324e-20 1.35324e-20 1.35324e-20 1.35324e-20 1.35324e-20 1.35324e-20 1.35324e-20 1.35324e-20 1.35324e-20 1.35324e-20 1.35324e-20 1.35324e-20 1.35324e-20 1.35324e-20 1.35324e-20 1.35324e-20 1.35324e-20 1.35324e-20 1.35324e-20 1.35324e-20 1.35324e-20 1.35324e-20 1.35324e-20 1.35324e-20 
7.71193	2	1.35324e-20 1.35324e-20 1.35324e-20 1.35324e-20 1.35324e-20 1.35324e-20 1.35324e-20 1.35324e-20 1.35324e-20 1.35324e-20 1.35324e-20 1.35324e-20 1.35324e-20 1.35324e-20 1.35324e-20 1.35324e-20 1.35324e-20 1.35324e-20 1.35324e-20 1.35324e-20 1.35324e-20 1.35324e-20 1.35324e-20 1.35324e-20 1.35324e-20 
7.81193	1	1.35324e-20 1.35324e-20 1.35324e-20 1.35324e-20 1.35324e-20 1.35324e-20 1.35324e-20 1.35324e-20 1.35324e-20 1.35324e-20 1.35324e-20 1.35324e-20 1.35324e-20 1.35324e-20 1.35324e-20 1.35324e-20 1.35324e-20 1.35324e-20 1.35324e-20 1.35324e-20 1.35324e-20 1.35324e-20 1.35324e-20 1.35324e-20 1.35324e-20 
7.81193	2	1.35324e-20 1.35324e-20 1.35324e-20 1.35324e-20 1.35324e-20 1.35324e-20 1.35324e-20 1.35324e-20 1.35324e-20 1.35324e-20 1.35324e-20 1.35324e-20 1.35324e-20 1.35324e-20 1.35324e-20 1.35324e-20 1.35324e-20 1.35324e-20 1.35324e-20 1.35324e-20 1.35324e-20 1.35324e-20 1.35324e-20 1.35324e-20 1.35324e-20 
7.91193	1	1.35324e-20 1.35324e-20 1.35324e-20 1.35324e-20 1.35324e-20 1.35324e-20 1.35324e-20 1.35324e-20 1.35324e-20 1.35324e-20 1.35324e-20 1.35324e-20 1.35324e-20 1.35324e-20 1.35324e-20 1.35324e-20 1.35324e-20 1.35324e-20 1.35324e-20 1.35324e-20 1.35324e-20 1.35324e-20 1.35324e-20 1.35324e-20 1.35324e-20 
7.91193	2	1.35324e-20 1.35324e-20 1.35324e-20 1.35324e-20 1.35324e-20 1.35324e-20 1.35324e-20 1.35324e-20 1.35324e-20 1.35324e-20 1.35324e-20 1.35324e-20 1.35324e-20 1.35324e-20 1.35324e-20 1.35324e-20 1.35324e-20 1.35324e-20 1.35324e-20 1.35324e-20 1.35324e-20 1.35324e-20 1.35324e-20 1.35324e-20 1.35324e-20 
8.01193	1	1.35324e-20 1.35324e-20 1.35324e-20 1.35324e-20 1.35324e-20 1.35324e-20 1.35324e-20 1.35324e-20 1.35324e-20 1.35324e-20 1.35324e-20 1.35324e-20 1.35324e-20 1.35324e-20 1.35324e-20 1.35324e-20 1.35324e-20 1.35324e-20 1.35324e-20 1.35324e-20 1.35324e-20 1.35324e-20 1.35324e-20 1.35324e-20 1.35324e-20 
8.01193	2	1.35324e-20 1.35324e-20 1.35324e-20 1.35324e-20 1.35324e-20 1.35324e-20 1.35324e-20 1.35324e-20 1.35324e-20 1.35324e-20 1.35324e-20 1.35324e-20 1.35324e-20 1.35324e-20 1.35324e-20 1.35324e-20 1.35324e-20 1.35324e-20 1.35324e-20 1.35324e-20 1.35324e-20 1.35324e-20 1.35324e-20 1.35324e-20 1.35324e-20 
8.11193	1	1.35324e-20 1.35324e-20 1.35324e-20 1.35324e-20 1.35324e-20 1.35324e-20 1.35324e-20 1.35324e-20 1.35324e-20 1.35324e-20 1.35324e-20 1.35324e-20 1.35324e-20 1.35324e-20 1.35324e-20 1.35324e-20 1.35324e-20 1.35324e-20 1.35324e-20 1.35324e-20 1.35324e-20 1.35324e-20 1.35324e-20 1.35324e-20 1.35324e-20 
8.11193	2	1.35324e-20 1.35324e-20 1.35324e-20 1.35324e-20 1.35324e-20 1.35324e-20 1.35324e-20 1.35324e-20 1.35324e-20 1.35324e-20 1.35324e-20 1.35324e-20 1.35324e-20 1.35324e-20 1.35324e-20 1.35324e-20 1.35324e-20 1.35324e-20 1.35324e-20 1.35324e-20 1.35324e-20 1.35324e-20 1.35324e-20 1.35324e-20 1.35324e-20 
8.21193	1	1.35324e-20 1.35324e-20 1.35324e-20 1.35324e-20 1.35324e-20 1.35324e-20 1.35324e-20 1.35324e-20 1.35324e-20 1.35324e-20 1.35324e-20 1.35324e-20 1.35324e-20 1.35324e-20 1.35324e-20 1.35324e-20 1.35324e-20 1.35324e-20 1.35324e-20 1.35324e-20 1.35324e-20 1.35324e-20 1.35324e-20 1.35324e-20 1.35324e-20 
8.21193	2	1.35324e-20 1.35324e-20 1.35324e-20 1.35324e-20 1.35324e-20 1.35324e-20 1.35324e-20 1.35324e-20 1.35324e-20 1.35324e-20 1.35324e-20 1.35324e-20 1.35324e-20 1.35324e-20 1.35324e-20 1.35324e-20 1.35324e-20 1.35324e-20 1.35324e-20 1.35324e-20 1.35324e-20 1.35324e-20 1.35324e-20 1.35324e-20 1.35324e-20 
8.31193	1	1.35324e-20 1.35324e-20 1.35324e-20 1.35324e-20 1.35324e-20 1.35324e-20 1.35324e-20 1.35324e-20 1.35324e-20 1.35324e-20 1.35324e-20 1.35324e-20 1.35324e-20 1.35324e-20 1.35324e-20 1.35324e-20 1.35324e-20 1.35324e-20 1.35324e-20 1.35324e-20 1.35324e-20 1.35324e-20 1.35324e-20 1.35324e-20 1.35324e-20 
8.31193	2	1.35324e-20 1.35324e-20 1.35324e-20 1.35324e-20 1.35324e-20 1.35324e-20 1.35324e-20 1.35324e-20 1.35324e-20 1.35324e-20 1.35324e-20 1.35324e-20 1.35324e-20 1.35324e-20 1.35324e-20 1.35324e-20 1.35324e-20 1.35324e-20 1.35324e-20 1.35324e-20 1.35324e-20 1.35324e-20 1.35324e-20 1.35324e-20 1.35324e-20 
8.41193	1	1.35324e-20 1.35324e-20 1.35324e-20 1.35324e-20 1.35324e-20 1.35324e-20 1.35324e-20 1.35324e-20 1.35324e-20 1.35324e-20 1.35324e-20 1.35324e-20 1.35324e-20 1.35324e-20 1.35324e-20 1.35324e-20 1.35324e-20 1.35324e-20 1.35324e-20 1.35324e-20 1.35324e-20 1.35324e-20 1.35324e-20 1.35324e-20 1.35324e-20 
8.41193	2	1.35324e-20 1.35324e-20 1.35324e-20 1.35324e-20 1.35324e-20 1.35324e-20 1.35324e-20 1.35324e-20 1.35324e-20 1.35324e-20 1.35324e-20 1.35324e-20 1.35324e-20 1.35324e-20 1.35324e-20 1.35324e-20 1.35324e-20 1.35324e-20 1.35324e-20 1.35324e-20 1.35324e-20 1.35324e-20 1.35324e-20 1.35324e-20 1.35324e-20 
